AO-07
1 07530U 74089B   25133.52793615 -.00000038  00000-0  50144-4 0  9995
2 07530 101.9938 137.5035 0012265 171.9682 310.5008 12.53689101310436
UO-11
1 14781U 84021B   25133.45840608  .00001656  00000-0  18035-3 0  9993
2 14781  97.7526 100.3687 0009381  70.1129 290.1099 14.89305955197607
AO-27
1 22825U 93061C   25133.15446533  .00000135  00000-0  68590-4 0  9994
2 22825  98.7382 194.5706 0008291 185.5896 174.5195 14.30789868649793
FO-29
1 24278U 96046B   25133.47081638  .00000023  00000-0  57308-4 0  9991
2 24278  98.5789  30.9273 0350831  52.9388 310.3294 13.53247161419100
NOAA-15
1 25338U 98030A   25133.81589872  .00000254  00000-0  12200-3 0  9992
2 25338  98.5368 159.5892 0011481  79.8570 280.3905 14.26964123404588
GO-32
1 25397U 98043D   25133.50558436  .00000086  00000-0  57220-4 0  9994
2 25397  98.9691 112.0622 0000455 342.4034  17.7128 14.24308124394436
ISS
1 25544U 98067A   25133.84454933  .00008976  00000-0  16787-3 0  9996
2 25544  51.6365 117.1903 0002541 106.6326 325.8583 15.49515413509833
NO-44
1 26931U 01043C   25133.54147178  .00000165  00000-0  92955-4 0  9996
2 26931  67.0505 197.7476 0005829 273.7582  86.2853 14.31721357233234
SO-50
1 27607U 02058C   25133.55326103  .00001266  00000-0  17567-3 0  9990
2 27607  64.5528 283.9548 0053103 340.2793  19.6258 14.81554400205227
CO-55
1 27844U 03031E   25133.55740626  .00000358  00000-0  17523-3 0  9998
2 27844  98.6765 142.1794 0008358 265.4707  94.5517 14.23975187134793
CO-57
1 27848U 03031J   25133.56351951  .00000303  00000-0  15286-3 0  9996
2 27848  98.6792 142.2113 0008275 285.2282  74.7982 14.23312735134575
RS-22
1 27939U 03042A   25133.91213870  .00001397  00000-0  22920-3 0  9992
2 27939  98.3262 302.7241 0012752  94.7217  63.0512 14.72285997156900
NOAA-18
1 28654U 05018A   25133.79618802  .00000231  00000-0  14592-3 0  9994
2 28654  98.8421 213.5732 0013918 201.0290 159.0311 14.13596611 29961
CO-58
1 28895U 05043F   25133.37704584  .00001801  00000-0  30205-3 0  9999
2 28895  98.2462 277.3951 0015149  37.8992 322.3277 14.70924476 42946
CO-65
1 32785U 08021C   25133.53248464  .00005703  00000-0  41521-3 0  9997
2 32785  97.7836 104.5036 0008621 310.3215  49.7256 15.04158601925019
AAUSAT2
1 32788U 08021F   25133.50813157  .00950860  43856-3  19239-2 0  9996
2 32788  97.5866 132.1441 0009119 161.2663 198.8951 15.99596756929139
CO-66
1 32791U 08021J   25133.48652056  .00012071  00000-0  59567-3 0  9999
2 32791  97.7265 112.9401 0001545 251.3112 108.7953 15.18056755926382
RS-30
1 32953U 08025A   25133.84391741  .00000046  00000-0  25663-3 0  9993
2 32953  82.5032 243.8012 0020547 104.7521 255.5838 12.43164029770217
NOAA-19
1 33591U 09005A   25133.86910036  .00000213  00000-0  13764-3 0  9992
2 33591  98.9983 198.4220 0014791  80.9117 279.3728 14.13360568838333
SRMSAT
1 37841U 11058D   25133.18500750  .00000453  00000-0  10251-3 0  9992
2 37841  19.9733 320.3277 0011784 123.4782  34.0307 14.11427299701453
ZACUBE-1
1 39417U 13066B   25133.84090997  .00004502  00000-0  39429-3 0  9991
2 39417  97.7797  91.0054 0045595 139.1620 221.3033 14.96393930620910
Delfi-N3xt
1 39428U 13066N   25133.33010784  .00007005  00000-0  71754-3 0  9991
2 39428  97.8367  51.2946 0087495  90.2002 270.9240 14.87951313615021
GOMX-1
1 39430U 13066Q   25133.82721768  .00001662  00000-0  26566-3 0  9993
2 39430  97.6864 354.1311 0131186 278.2400  80.3946 14.67541631611480
LO-74
1 39440U 13066AA  25133.40949815  .00003516  00000-0  36061-3 0  9994
2 39440  97.8488  78.1645 0060417 269.9405  89.4889 14.89753385617395
AO-73
1 39444U 13066AE  25133.43524403  .00007080  00000-0  53531-3 0  9994
2 39444  97.7817  95.2531 0043007 117.3431 243.2180 15.01923510619513
DTUSAT-2
1 40030U 14033W   25133.35262496  .00005826  00000-0  38388-3 0  9993
2 40030  98.0534 103.8666 0010346 142.6833 217.5114 15.07886816592297
EO-80
1 40032U 14033Y   25133.44073827  .00006719  00000-0  44093-3 0  9995
2 40032  98.0427 103.6513 0010858  91.8430 268.4040 15.07965571592283
LILACSAT-2
1 40908U 15049K   25133.81460268  .00011575  00000-0  30859-3 0  9996
2 40908  97.5070 153.5252 0007465 250.6949 109.3489 15.38294585534119
IO-86
1 40931U 15052B   25038.81889873  .00001817  00000-0  15548-3 0  9993
2 40931   6.0001 108.1159 0012838 187.7041 172.2889 14.78568669506492
Horyu-4
1 41340U 16012D   25133.19070274  .00021519  00000-0  59648-3 0  9999
2 41340  30.9976 315.9673 0006863 122.1804 237.9507 15.35693841508576
Lapan A3
1 41603U 16040E   25133.87796030  .00003695  00000-0  13082-3 0  9999
2 41603  97.1371 139.5367 0011318  15.2894 344.8687 15.29674801493707
CAS-2T
1 41847U 16066G   25133.43875724  .00000879  00000-0  13558-3 0  9996
2 41847  98.4205 208.1357 0345141 260.5855  95.6170 14.43405037447104
CAS-4B
1 42759U 17034B   25133.86125555  .00055520  00000-0  66363-3 0  9997
2 42759  43.0064 120.7310 0017849 105.1538 255.1302 15.59994718438429
CAS-4A
1 42761U 17034D   25133.85024028  .00061207  00000-0  70088-3 0  9990
2 42761  43.0100 118.2163 0019103 109.8516 250.4410 15.61045402438443
TechnoSat
1 42829U 17042E   25133.72307978  .00002976  00000-0  23361-3 0  9998
2 42829  97.3928 303.7189 0014318  17.5423 342.6293 15.01568661426690
AO-91
1 43017U 17073E   25133.59021456  .00007212  00000-0  37511-3 0  9991
2 43017  97.5283   5.0494 0172609 258.4933  99.6868 15.04313975405151
S-Net D
1 43186U 18014G   25133.29356995  .00004700  00000-0  28077-3 0  9996
2 43186  97.5651  36.4809 0008087 329.3147  30.7609 15.11554932398257
S-Net B
1 43187U 18014H   25133.29861066  .00004309  00000-0  25784-3 0  9994
2 43187  97.5657  36.4563 0008611 323.6998  36.3647 15.11536273398257
S-Net A
1 43188U 18014J   25133.69123328  .00004935  00000-0  29453-3 0  9993
2 43188  97.5663  36.9914 0008553 322.4729  37.5903 15.11564524398319
S-Net C
1 43189U 18014K   25133.30093891  .00004304  00000-0  25752-3 0  9991
2 43189  97.5682  36.6148 0009833 314.6995  45.3434 15.11533961396806
Ten-Koh
1 43677U 18084G   25133.45504950  .00002258  00000-0  18456-3 0  9998
2 43677  98.0889 304.6350 0006401  16.0649 344.0775 15.00450831356178
PO-101
1 43678U 18084H   25133.80803374  .00002236  00000-0  19365-3 0  9996
2 43678  98.1009 308.9157 0008295  20.2244 339.9304 14.98207277356370
QO-100
1 43700U 18090A   25133.57683536  .00000161  00000-0  00000-0 0  9997
2 43700   0.0153 274.6127 0002375 175.8478  14.5992  1.00275078 23679
MinXSS-2
1 43758U 18099A   25133.43261812  .00014092  00000-0  56848-3 0  9995
2 43758  97.5031 199.3958 0010798 245.1887 114.8228 15.24866859352839
AO-95
1 43770U 18099N   25133.67027201  .00007883  00000-0  40473-3 0  9994
2 43770  97.4930 192.0605 0009138 309.7472  50.2955 15.16748184352473
RANGE-A
1 43773U 18099R   25133.61140573  .00004938  00000-0  31732-3 0  9995
2 43773  97.4501 182.7965 0009708 285.8694  74.1465 15.08841369352154
MOVE-II
1 43780U 18099Y   25133.83678772  .00154738  00000-0  15009-2 0  9996
2 43780  97.4669 207.6348 0006285 212.5594 147.5279 15.65837925353607
SNUSat 2
1 43782U 18099AA  25133.71422865  .00007192  00000-0  39692-3 0  9991
2 43782  97.4612 189.0720 0010878 241.5488 118.4649 15.14199254352439
SnugLite
1 43784U 18099AC  25133.70633711  .00008904  00000-0  45290-3 0  9999
2 43784  97.4424 188.5723 0002472 224.3596 135.7439 15.17064188352562
ITASat 1
1 43786U 18099AE  25133.16119563  .00006559  00000-0  37874-3 0  9998
2 43786  97.4583 188.1189 0012834 303.8352  56.1657 15.12587797352310
EAGLET 1
1 43790U 18099AJ  25133.42811575  .00004592  00000-0  29545-3 0  9995
2 43790  97.4780 188.4236 0010511 283.6459  76.3599 15.08822917351974
ESEO
1 43792U 18099AL  25133.56399010  .00001664  00000-0  12960-3 0  9997
2 43792  97.4464 182.1790 0011404 256.3604 103.6352 15.02495103351767
CSIM
1 43793U 18099AM  25133.81059746  .00146473  00000-0  14477-2 0  9997
2 43793  97.4836 209.8367 0007845 209.3077 150.7743 15.65377229353445
JO-97
1 43803U 18099AX  25133.14199303  .00010795  00000-0  50089-3 0  9996
2 43803  97.4678 192.4736 0006539 229.4648 130.6018 15.20200357352601
Suomi 100
1 43804U 18099AY  25133.70642291  .00009664  00000-0  47951-3 0  9995
2 43804  97.4744 192.4035 0011365 235.7897 124.2260 15.17860444352622
ISAT
1 43879U 18111D   25133.53868111  .00017278  00000-0  61744-3 0  9990
2 43879  97.5980  47.3546 0006570 302.2956  57.7647 15.28878248349561
UWE-4
1 43880U 18111E   25133.25326274  .00013825  00000-0  55386-3 0  9999
2 43880  97.5925  45.7271 0010399 314.4307  45.6079 15.25110210349467
Sparrow
1 43881U 18111F   25133.73800213  .00019639  00000-0  67666-3 0  9996
2 43881  97.6120  50.3340 0006204 354.8693   5.2482 15.30044700347689
Prox-1
1 44339U 19036A   25133.57543695  .00009841  00000-0  12548-2 0  9994
2 44339  23.9971 239.1102 0007753 119.9567 240.1700 14.79415786314019
SONATE
1 44400U 19038Q   25133.54349364  .00165536  00000-0  79213-3 0  9996
2 44400  97.6924 157.1036 0001782  15.9355 344.1969 15.82313094325282
Taurus 1
1 44530U 19059C   25133.82886694  .00006588  00000-0  12234-2 0  9996
2 44530  98.6043 271.9633 0010816 120.8427 239.3841 14.65511866300027
Duchifat 3
1 44854U 19089C   25133.42513853  .00033990  00000-0  71720-3 0  9991
2 44854  36.9420 167.5549 0000599 133.2405 226.8401 15.44306652298816
TO-108
1 44881U 19093C   25133.81982015  .00000995  00000-0  12113-3 0  9999
2 44881  97.7927 210.0289 0012832 324.4670  35.5690 14.85546614292108
FloripaSat 1
1 44885U 19093G   25133.83486939  .00005131  00000-0  43717-3 0  9990
2 44885  97.8146 221.3871 0009535 293.6151  66.4069 14.98175651292741
RS-44
1 44909U 19096E   25133.42566490  .00000009  00000-0 -74008-5 0  9995
2 44909  82.5219 245.3168 0217311 359.3817   0.6983 12.79740373251215
UPMSat 2
1 46276U 20061E   25133.80073043  .00060652  00000-0  61032-3 0  9997
2 46276  97.2457 207.3515 0001395 160.6032 199.5281 15.65248297261272
SALSAT
1 46495U 20068K   25133.86765591  .00007442  00000-0  32530-3 0  9998
2 46495  97.8592 110.6730 0009545 252.1757 107.8437 15.22370072254460
CubeSX-Sirius-HSE
1 47951U 21022V   25133.53202905  .00324838  00000-0  13150-2 0  9993
2 47951  97.4142  45.5614 0007435  96.8755 263.3361 15.85448282229553
CubeSX-HSE
1 47952U 21022W   25133.67151462  .00305593  00000-0  12098-2 0  9997
2 47952  97.4164  45.9736 0006576  96.4227 263.7792 15.85967300229595
GRBAlpha
1 47959U 21022AD  25133.46968139  .00287899  00000-0  12243-2 0  9998
2 47959  97.4151  45.8378 0006913  95.5159 264.6900 15.84505485228386
TUBIN
1 48900U 21059X   25133.83637533  .00042149  00000-0  55813-3 0  9995
2 48900  97.6738 300.9414 0002331 327.5953  32.5158 15.58188863215877
LEDSAT
1 49069U 21073D   25133.79679496  .00059097  00000-0  80551-3 0  9994
2 49069  97.3900 214.2864 0011934 173.4487 186.6926 15.57255117207261
CUTE
1 49263U 21088D   25133.18092285  .00013749  00000-0  28381-3 0  9991
2 49263  97.4521 208.6615 0007222 350.1234   9.9872 15.45954222200199
TeikyoSat 4
1 49396U 21102B   25133.53716541  .00002074  00000-0  14036-3 0  9993
2 49396  97.4114 172.9406 0011523 220.6000 139.4370 15.07521937192470
Z-Sat
1 49399U 21102E   25133.85648579  .00004633  00000-0  25649-3 0  9991
2 49399  97.3818 176.1813 0017976 191.3370 168.7460 15.14176757192933
KOSEN 1
1 49402U 21102H   25133.68165206  .00006881  00000-0  32224-3 0  9992
2 49402  97.3723 179.2265 0016626 167.5261 192.6389 15.19910801193201
HO-113
1 50466U 21131B   25133.88523220  .00000626  00000-0  20946-3 0  9991
2 50466  98.5090 223.3711 0003763 199.3141 160.7906 14.40781266177609
IRIS-A
1 51044U 22002BN  25133.76190034  .00325983  41463-4  10599-2 0  9992
2 51044  97.3223 213.1247 0006858 232.9400 127.1247 15.90675012185621
Foresail-1
1 52766U 22057AL  25133.35511067  .00182870  00000-0  82781-3 0  9999
2 52766  97.6040 282.2201 0003405 280.3998  79.6886 15.83457627165578
SNUGLITE 2
1 52899U 22065F   25133.27286165  .00001298  00000-0  26152-3 0  9998
2 52899  98.1648 275.5193 0007440 189.4566 170.6497 14.63145573152491
IO-117
1 53106U 22080B   25051.21822557 -.00000003  00000-0  00000 0 0  9995
2 53106  70.1434 106.3440 0008542  48.0089 312.1297  6.42557744 61200
UmKA 1 (RS40S)
1 57172U 23091G   25133.86090036  .00005617  00000-0  30305-3 0  9996
2 57172  97.5596 189.3851 0015984  70.5687 289.7271 15.15051259103431
CubeBel-2 (EU11S)
1 57175U 23091K   25133.89242482  .00009594  00000-0  46330-3 0  9999
2 57175  97.5596 190.4054 0013857  79.3225 280.9568 15.18786445103509
VERONIKA
1 58261U 23174F   25133.82607518  .00110013  00000-0  11702-2 0  9999
2 58261  97.4137 218.5384 0006520 162.6434 197.5049 15.63640487 84499
ENSO
1 58470U 23185J   25133.85726007  .00049025  00000-0  78244-3 0  9990
2 58470  97.3752 208.1760 0008858 173.6619 186.4748 15.53018916 80886
EIRSAT-1
1 58472U 23185L   25133.85045111  .00087178  00000-0  98124-3 0  9992
2 58472  97.3714 209.6567 0007774 177.5749 182.5548 15.62252472 80983
SONATE-2
1 59112U 24043Q   25133.64247384  .00016376  00000-0  48540-3 0  9990
2 59112  97.5104 264.3045 0011273 204.7875 155.2827 15.34863211 66205
MO-122
1 60209U 24125G   25133.53197508  .00016260  00000-0  47599-3 0  9995
2 60209  97.2817 345.4688 0017901 230.6553 129.3105 15.35155204 47804
GRBBeta
1 60237U 24128C   25133.51654518  .00003282  00000-0  25601-3 0  9996
2 60237  61.9901 173.9006 0049766  51.2852 309.2673 15.02383821 46134
Curium One
1 60242U 24128H   25133.52948576  .00005476  00000-0  39165-3 0  9990
2 60242  61.9798 172.5294 0049706  46.9246 313.5990 15.04680904 46167
ROBUSTA-3A
1 60243U 24128J   25133.39107449  .00005297  00000-0  38431-3 0  9998
2 60243  61.9871 173.7530 0048213  44.6439 315.8519 15.04254387 46138
CatSat
1 60246U 24125J   25133.55107459  .00009019  00000-0  30655-3 0  9993
2 60246  97.2610 345.0018 0043015 188.2421 171.8118 15.29782161 45856
HYPERVIEW-1G (RS66S)
1 61772U 24199AP  25133.88261619  .00019357  00000-0  58097-3 0  9990
2 61772  97.3568   2.8130 0011855 290.2022  69.7945 15.34423094 72862
AO-123
1 61781U 24199AY  25133.86440663  .00006528  00000-0  24103-3 0  9993
2 61781  97.3580   1.9506 0014205 295.4711  64.5058 15.27999515 72807
ZIMSAT 2
1 61783U 24199BA  25133.88757977  .00032248  00000-0  83812-3 0  9996
2 61783  97.3550   3.2449 0011697 286.7971  73.1991 15.38809739 76042
HADES-R (SO-124)
1 62690U 25009CK  25133.17432537  .00031160  00000-0  11655-2 0  9996
2 62690  97.4102 214.1267 0004535 172.7345 187.3961 15.27258585 17963
HYDRA-T
1 62692U 25009CM  25133.16390783  .00034160  00000-0  12688-2 0  9993
2 62692  97.4103 214.1385 0004396 168.9995 191.1341 15.27470715 17966
JINJUSat 1B
1 63210U 25052A   25133.61060779  .00010004  00000-0  46673-3 0  9990
2 63210  97.4449  28.0841 0006264  68.4000 291.7902 15.20031229  9150
NUSHSAT 1
1 63211U 25052B   25133.54310448  .00011131  00000-0  51654-3 0  9991
2 63211  97.4440  28.0145 0006401  72.4352 287.7582 15.20187307  9144
TEVEL2-4
1 63213U 25052D   25133.68334989  .00010688  00000-0  49997-3 0  9997
2 63213  97.4357  28.0708 0005663  84.7528 275.4353 15.19923864  9164
TEVEL2-5
1 63214U 25052E   25133.68365279  .00010578  00000-0  49506-3 0  9998
2 63214  97.4358  28.0706 0005697  84.8744 275.3141 15.19909764  9169
TEVEL2-6
1 63215U 25052F   25133.42173359  .00010489  00000-0  49158-3 0  9991
2 63215  97.4360  27.8100 0005789  85.9822 274.2074 15.19863711  9129
TEVEL2-1
1 63217U 25052H   25133.42904920  .00010366  00000-0  48870-3 0  9993
2 63217  97.4338  27.7819 0005994  94.6485 265.5435 15.19659841  9123
TEVEL2-2
1 63218U 25052J   25133.62686111  .00010617  00000-0  50041-3 0  9997
2 63218  97.4336  27.9764 0006013  94.5950 265.5972 15.19661423  9150
TEVEL2-3
1 63219U 25052K   25133.62690423  .00010584  00000-0  49891-3 0  9993
2 63219  97.4337  27.9762 0005987  94.5496 265.6423 15.19657999  9159
TEVEL2-8
1 63237U 25052AD  25133.34176413  .00009856  00000-0  48062-3 0  9999
2 63237  97.4398  27.6413 0010401 106.3000 253.9379 15.18468567  9101
TEVEL2-9
1 63238U 25052AE  25133.47492971  .00009885  00000-0  48268-3 0  9994
2 63238  97.4400  27.7704 0010472 106.1428 254.0959 15.18421349  9125
TEVEL2-7
1 63239U 25052AF  25133.54216521  .00009802  00000-0  47911-3 0  9991
2 63239  97.4397  27.8327 0010458 106.2631 253.9754 15.18387571  9134
HYDRA-W
1 63490U 25052BL  25133.13879576  .00025282  00000-0  11117-2 0  9998
2 63490  97.4350  27.5703 0014740 106.3680 253.9177 15.21772249  9087
HADES-ICM
1 63492U 25052BN  25133.47565572  .00022317  00000-0  99171-3 0  9998
2 63492  97.4357  27.8877 0014974 108.3782 251.9084 15.21434686  9136
